{"w": 2400, "h": 1600, "w2c": [[[[-4.371138828673793e-08, 1.0, -2.117582368135751e-22, 8.74227794156468e-07], [4.371138828673793e-08, 1.910685465164705e-15, 1.0, -8.74227794156468e-07], [1.0, 4.371138828673793e-08, -4.371138828673793e-08, -20.0], [-0.0, -0.0, 0.0, 1.0]], [[-0.6754902005195618, -0.7373690009117126, -8.195638656616211e-08, 2.8620718239835696e-06], [0.025426365435123444, -0.023292740806937218, 0.9994052648544312, -2.513634171918966e-06], [-0.7369304299354553, 0.6750885248184204, 0.03448263183236122, -20.0], [0.0, 0.0, -0.0, 1.0]], [[0.9961710572242737, 0.08742573112249374, 9.313225746154785e-10, 1.1930707444207655e-07], [-0.006029354874044657, 0.0687013790011406, 0.9976190328598022, -1.556163056193327e-06], [0.08721758425235748, -0.9937992095947266, 0.06896544247865677, -20.0], [-0.0, 0.0, -0.0, 1.0]], [[-0.7936007380485535, 0.6084389090538025, 1.862645149230957e-08, -9.567097549734171e-07], [-0.06294181942939758, -0.08209647983312607, 0.9946348667144775, -3.815745913016144e-06], [0.6051745414733887, 0.7893429398536682, 0.10344807803630829, -20.000001907348633], [-0.0, 0.0, -0.0, 1.0]], [[0.1741819828748703, -0.9847134351730347, 6.332992796842518e-08, 9.621248864277732e-07], [0.13582247495651245, 0.02402515336871147, 0.9904417395591736, -9.910062317430857e-07], [-0.9753013253211975, -0.1725171059370041, 0.1379309892654419, -20.0], [-0.0, 0.0, -0.0, 1.0]], [[0.5367281436920166, 0.8437551856040955, -6.705522537231445e-08, -2.8954455046914518e-06], [-0.14547497034072876, 0.09253937751054764, 0.9850245714187622, -8.502149171363271e-07], [0.8311196565628052, -0.5286905169487, 0.17241375148296356, -20.0], [-0.0, 0.0, -0.0, 1.0]], [[-0.9657150506973267, -0.2596043646335602, 3.725290298461914e-08, 9.809300536289811e-07], [0.05371123552322388, -0.1998029351234436, 0.9783628582954407, -3.2717025533202104e-06], [-0.25398728251457214, 0.9448197484016418, 0.20689639449119568, -20.000001907348633], [-0.0, 0.0, -0.0, 1.0]], [[0.8874483704566956, -0.46090707182884216, 3.725290298461914e-08, -9.725915788294515e-07], [0.11125338077545166, 0.21421165764331818, 0.9704309105873108, -1.176003252112423e-06], [-0.4472784399986267, -0.8612073063850403, 0.2413792759180069, -19.999998092651367], [-0.0, 0.0, -0.0, 1.0]], [[-0.34303873777389526, 0.9393212795257568, 7.450580596923828e-08, 1.9308520222693915e-06], [-0.2591229975223541, -0.09463141113519669, 0.9611972570419312, -2.159654059141758e-06], [0.9028730392456055, 0.3297278583049774, 0.2758619785308838, -20.0], [-0.0, 0.0, -0.0, 1.0]], [[-0.38155633211135864, -0.9243456125259399, -1.4156103134155273e-07, 2.9336847546801437e-06], [0.2868657112121582, -0.11841411888599396, 0.9506241083145142, -2.294781324962969e-06], [-0.8787052035331726, 0.3627166152000427, 0.31034475564956665, -20.0], [0.0, 0.0, -0.0, 1.0]], [[0.9057342410087585, 0.4238460659980774, 7.450580596923828e-09, 1.034564888868772e-06], [-0.14615382254123688, 0.312322199344635, 0.9386659860610962, 8.637754831397615e-07], [0.3978498876094818, -0.8501819968223572, 0.3448276221752167, -20.0], [-0.0, 0.0, -0.0, 1.0]], [[-0.9541640877723694, 0.2992839515209198, -5.21540641784668e-08, -1.0871428912651027e-06], [-0.11352153867483139, -0.36192426085472107, 0.9252694845199585, -6.690455052194011e-07], [0.27691829204559326, 0.8828589916229248, 0.3793103098869324, -20.0], [-0.0, -0.0, -0.0, 1.0]], [[0.5014074444770813, -0.8652113676071167, -4.470348713425665e-08, -3.7137451727176085e-06], [0.35801827907562256, 0.20747876167297363, 0.9103711247444153, -5.6680482884985395e-06], [-0.7876634001731873, -0.45646682381629944, 0.4137928783893585, -20.000003814697266], [-0.0, 0.0, -0.0, 1.0]], [[0.21471939980983734, 0.9766757488250732, -4.470348358154297e-08, 1.3409899111138657e-06], [-0.43782007694244385, 0.09625353664159775, 0.8938953280448914, -2.7942919587076176e-06], [0.8730459213256836, -0.191936656832695, 0.44827574491500854, -20.0], [-0.0, 0.0, -0.0, 1.0]], [[-0.818062424659729, -0.575129508972168, -1.4901161193847656e-08, 4.6779234708083095e-07], [0.27764853835105896, -0.3949264585971832, 0.87575364112854, -6.4848527472349815e-06], [-0.5036717057228088, 0.7164211273193359, 0.4827583432197571, -20.0], [0.0, 0.0, -0.0, 1.0]], [[0.9917080998420715, -0.1285107284784317, 3.725290742551124e-09, -4.193973381916294e-07], [0.06647104024887085, 0.5129523873329163, 0.8558396697044373, -3.874984486174071e-06], [-0.10998456925153732, -0.8487431406974792, 0.5172412991523743, -20.0], [-0.0, 0.0, -0.0, 1.0]], [[-0.6444470286369324, 0.7646489143371582, 8.940696716308594e-08, 5.181811957299942e-08], [-0.42187511920928955, -0.3555569350719452, 0.8340268135070801, -5.06797823618399e-06], [0.6377376914024353, 0.5374860167503357, 0.5517240166664124, -20.0], [-0.0, 0.0, -0.0, 1.0]], [[-0.0413179025053978, -0.9991461038589478, 1.6391277313232422e-07, -3.0328324100992177e-06], [0.585706353187561, -0.02422071062028408, 0.8101613521575928, 8.802095408100286e-07], [-0.8094695210456848, 0.033474262803792953, 0.5862069725990295, -20.0], [-0.0, 0.0, -0.0, 1.0]], [[0.7053799629211426, 0.7088293433189392, -1.4901161193847656e-08, -7.944695425976533e-07], [-0.4399630129337311, 0.4378220736980438, 0.7840563654899597, -1.3470504427459673e-06], [0.5557621717453003, -0.5530576705932617, 0.6206896305084229, -20.0], [-0.0, 0.0, -0.0, 1.0]], [[-0.9989326000213623, -0.04619137570261955, -4.470348358154297e-08, -4.7458516405640694e-07], [0.030263276770710945, -0.6544730067253113, 0.7554794549942017, -9.402668865732267e-07], [-0.03489666432142258, 0.7546730637550354, 0.6551723480224609, -20.0], [0.0, 0.0, -0.0, 1.0]], [[0.7677837014198303, -0.6407092213630676, 1.4901162970204496e-08, -6.395729315045173e-07], [0.441868394613266, 0.5295059680938721, 0.7241379618644714, -9.771357554200222e-07], [-0.4639618694782257, -0.5559813380241394, 0.6896551847457886, -20.000001907348633], [-0.0, 0.0, -0.0, 1.0]], [[-0.13334709405899048, 0.9910694360733032, -5.21540641784668e-08, 2.1052846932434477e-06], [-0.7176709771156311, -0.09656166285276413, 0.6896551251411438, 7.544029472228431e-07], [0.6834961175918579, 0.09196355193853378, 0.7241379618644714, -20.0], [-0.0, -0.0, -0.0, 1.0]], [[-0.5711318850517273, -0.820858359336853, -2.9802322387695312e-08, 7.719201278177934e-08], [0.6227200031280518, -0.43327245116233826, 0.6515325903892517, -2.110336708938121e-06], [-0.5348159074783325, 0.3721109926700592, 0.7586206197738647, -20.000001907348633], [0.0, 0.0, -0.0, 1.0]], [[0.9756166934967041, 0.21948140859603882, 7.450580596923828e-09, 3.4817003324860707e-07], [-0.17407144606113434, 0.7737649083137512, 0.6090869903564453, -1.0350775028200587e-06], [0.13368326425552368, -0.5942354202270508, 0.7931033968925476, -20.000001907348633], [-0.0, 0.0, -0.0, 1.0]], [[-0.8676469326019287, 0.49718087911605835, 2.9802322387695312e-08, -5.762370278716844e-07], [-0.4114600121974945, -0.7180526852607727, 0.5613386034965515, 1.8919795365945902e-06], [0.27908679842948914, 0.48704370856285095, 0.82758629322052, -20.0], [-0.0, 0.0, -0.0, 1.0]], [[0.3039349913597107, -0.9526927471160889, 7.450580596923828e-08, -1.1997904039162677e-06], [0.8212869167327881, 0.26201295852661133, 0.5067910552024841, -6.911673722242995e-07], [-0.482816219329834, -0.15403147041797638, 0.8620689511299133, -20.000001907348633], [-0.0, 0.0, -0.0, 1.0]], [[0.4194225072860718, 0.9077911376953125, -1.4901161193847656e-08, 7.258033747348236e-07], [-0.8138816952705383, 0.3760339617729187, 0.44293904304504395, -2.3287229566903989e-07], [0.402096152305603, -0.18577858805656433, 0.8965517282485962, -20.0], [-0.0, 0.0, -0.0, 1.0]], [[-0.9224732518196106, -0.3860609829425812, 2.2351741790771484e-08, -1.2312214039411629e-06], [0.3594360947608948, -0.8588544130325317, 0.3649311661720276, 9.921342325469595e-07], [-0.14088566601276398, 0.3366392254829407, 0.931034505367279, -20.0], [-0.0, 0.0, -0.0, 1.0]], [[0.9409835934638977, -0.3384523093700409, 2.980232594040899e-08, -5.935978037996392e-07], [0.32678157091140747, 0.908535897731781, 0.2603392004966736, -1.220165245285898e-06], [-0.08811242878437042, -0.24497486650943756, 0.9655172824859619, -20.000001907348633], [-0.0, 0.0, -0.0, 1.0]], [[1.0, -0.0, 0.0, -0.0], [-0.0, 1.0, -0.0, 0.0], [0.0, -0.0, 1.0, -20.0], [-0.0, 0.0, -0.0, 1.0]]]], "k": [[[[3333.3333333333335, 0, 1200.0], [0, 3333.3333333333335, 800.0], [0, 0, 1]], [[3333.3333333333335, 0, 1200.0], [0, 3333.3333333333335, 800.0], [0, 0, 1]], [[3333.3333333333335, 0, 1200.0], [0, 3333.3333333333335, 800.0], [0, 0, 1]], [[3333.3333333333335, 0, 1200.0], [0, 3333.3333333333335, 800.0], [0, 0, 1]], [[3333.3333333333335, 0, 1200.0], [0, 3333.3333333333335, 800.0], [0, 0, 1]], [[3333.3333333333335, 0, 1200.0], [0, 3333.3333333333335, 800.0], [0, 0, 1]], [[3333.3333333333335, 0, 1200.0], [0, 3333.3333333333335, 800.0], [0, 0, 1]], [[3333.3333333333335, 0, 1200.0], [0, 3333.3333333333335, 800.0], [0, 0, 1]], [[3333.3333333333335, 0, 1200.0], [0, 3333.3333333333335, 800.0], [0, 0, 1]], [[3333.3333333333335, 0, 1200.0], [0, 3333.3333333333335, 800.0], [0, 0, 1]], [[3333.3333333333335, 0, 1200.0], [0, 3333.3333333333335, 800.0], [0, 0, 1]], [[3333.3333333333335, 0, 1200.0], [0, 3333.3333333333335, 800.0], [0, 0, 1]], [[3333.3333333333335, 0, 1200.0], [0, 3333.3333333333335, 800.0], [0, 0, 1]], [[3333.3333333333335, 0, 1200.0], [0, 3333.3333333333335, 800.0], [0, 0, 1]], [[3333.3333333333335, 0, 1200.0], [0, 3333.3333333333335, 800.0], [0, 0, 1]], [[3333.3333333333335, 0, 1200.0], [0, 3333.3333333333335, 800.0], [0, 0, 1]], [[3333.3333333333335, 0, 1200.0], [0, 3333.3333333333335, 800.0], [0, 0, 1]], [[3333.3333333333335, 0, 1200.0], [0, 3333.3333333333335, 800.0], [0, 0, 1]], [[3333.3333333333335, 0, 1200.0], [0, 3333.3333333333335, 800.0], [0, 0, 1]], [[3333.3333333333335, 0, 1200.0], [0, 3333.3333333333335, 800.0], [0, 0, 1]], [[3333.3333333333335, 0, 1200.0], [0, 3333.3333333333335, 800.0], [0, 0, 1]], [[3333.3333333333335, 0, 1200.0], [0, 3333.3333333333335, 800.0], [0, 0, 1]], [[3333.3333333333335, 0, 1200.0], [0, 3333.3333333333335, 800.0], [0, 0, 1]], [[3333.3333333333335, 0, 1200.0], [0, 3333.3333333333335, 800.0], [0, 0, 1]], [[3333.3333333333335, 0, 1200.0], [0, 3333.3333333333335, 800.0], [0, 0, 1]], [[3333.3333333333335, 0, 1200.0], [0, 3333.3333333333335, 800.0], [0, 0, 1]], [[3333.3333333333335, 0, 1200.0], [0, 3333.3333333333335, 800.0], [0, 0, 1]], [[3333.3333333333335, 0, 1200.0], [0, 3333.3333333333335, 800.0], [0, 0, 1]], [[3333.3333333333335, 0, 1200.0], [0, 3333.3333333333335, 800.0], [0, 0, 1]], [[3333.3333333333335, 0, 1200.0], [0, 3333.3333333333335, 800.0], [0, 0, 1]]]], "cam_id": [["0", "1", "2", "3", "4", "5", "6", "7", "8", "9", "10", "11", "12", "13", "14", "15", "16", "17", "18", "19", "20", "21", "22", "23", "24", "25", "26", "27", "28", "29"]], "fn": [["data/doublependulum30cams/ims/0/render_000_timestep_0.png", "data/doublependulum30cams/ims/1/render_001_timestep_0.png", "data/doublependulum30cams/ims/2/render_002_timestep_0.png", "data/doublependulum30cams/ims/3/render_003_timestep_0.png", "data/doublependulum30cams/ims/4/render_004_timestep_0.png", "data/doublependulum30cams/ims/5/render_005_timestep_0.png", "data/doublependulum30cams/ims/6/render_006_timestep_0.png", "data/doublependulum30cams/ims/7/render_007_timestep_0.png", "data/doublependulum30cams/ims/8/render_008_timestep_0.png", "data/doublependulum30cams/ims/9/render_009_timestep_0.png", "data/doublependulum30cams/ims/10/render_010_timestep_0.png", "data/doublependulum30cams/ims/11/render_011_timestep_0.png", "data/doublependulum30cams/ims/12/render_012_timestep_0.png", "data/doublependulum30cams/ims/13/render_013_timestep_0.png", "data/doublependulum30cams/ims/14/render_014_timestep_0.png", "data/doublependulum30cams/ims/15/render_015_timestep_0.png", "data/doublependulum30cams/ims/16/render_016_timestep_0.png", "data/doublependulum30cams/ims/17/render_017_timestep_0.png", "data/doublependulum30cams/ims/18/render_018_timestep_0.png", "data/doublependulum30cams/ims/19/render_019_timestep_0.png", "data/doublependulum30cams/ims/20/render_020_timestep_0.png", "data/doublependulum30cams/ims/21/render_021_timestep_0.png", "data/doublependulum30cams/ims/22/render_022_timestep_0.png", "data/doublependulum30cams/ims/23/render_023_timestep_0.png", "data/doublependulum30cams/ims/24/render_024_timestep_0.png", "data/doublependulum30cams/ims/25/render_025_timestep_0.png", "data/doublependulum30cams/ims/26/render_026_timestep_0.png", "data/doublependulum30cams/ims/27/render_027_timestep_0.png", "data/doublependulum30cams/ims/28/render_028_timestep_0.png", "data/doublependulum30cams/ims/29/render_029_timestep_0.png"]], "c2w": [[[[-4.371138828673793e-08, 4.371138828673793e-08, 1.0, 20.0], [1.0, 1.910685676922942e-15, 4.371138828673793e-08, 0.0], [0.0, 1.0, -4.371138828673793e-08, 0.0], [0.0, 0.0, 0.0, 1.0]], [[-0.6754902005195618, 0.025426367297768593, -0.7369304299354553, -14.738607406616211], [-0.7373689413070679, -0.023292740806937218, 0.6750884652137756, 13.501771926879883], [-8.241541848974521e-08, 0.9994053244590759, 0.03448263183236122, 0.6896551847457886], [0.0, 0.0, 0.0, 1.0]], [[0.9961710572242737, -0.0060293544083833694, 0.08721757680177689, 1.7443513870239258], [0.08742573857307434, 0.06870137155056, -0.9937992095947266, -19.87598419189453], [5.3365312169262324e-11, 0.9976190328598022, 0.06896544247865677, 1.3793103694915771], [0.0, 0.0, 0.0, 1.0]], [[-0.7936007380485535, -0.06294181942939758, 0.6051745414733887, 12.103489875793457], [0.6084389090538025, -0.08209647983312607, 0.7893429398536682, 15.786859512329102], [1.7356944326252233e-08, 0.9946348667144775, 0.10344807803630829, 2.068965435028076], [0.0, 0.0, 0.0, 1.0]], [[0.1741819977760315, 0.13582250475883484, -0.9753014445304871, -19.50602912902832], [-0.9847134947776794, 0.02402515895664692, -0.17251713573932648, -3.4503417015075684], [6.294472854051492e-08, 0.9904418587684631, 0.1379309892654419, 2.7586207389831543], [0.0, 0.0, 0.0, 1.0]], [[0.5367282032966614, -0.14547497034072876, 0.8311196565628052, 16.622394561767578], [0.8437551856040955, 0.09253937751054764, -0.5286904573440552, -10.573806762695312], [-6.377666039725227e-08, 0.985024631023407, 0.17241375148296356, 3.4482758045196533], [0.0, 0.0, 0.0, 1.0]], [[-0.9657150506973267, 0.053711239248514175, -0.25398725271224976, -5.0797438621521], [-0.2596043646335602, -0.1998029500246048, 0.9448197484016418, 18.896394729614258], [3.612246857187529e-08, 0.9783628582954407, 0.20689637959003448, 4.137930870056152], [0.0, 0.0, 0.0, 1.0]], [[0.8874484300613403, 0.11125338077545166, -0.4472784698009491, -8.945568084716797], [-0.46090707182884216, 0.21421165764331818, -0.8612073063850403, -17.224145889282227], [3.1880073692036603e-08, 0.970430850982666, 0.2413792610168457, 4.8275861740112305], [0.0, 0.0, 0.0, 1.0]], [[-0.34303873777389526, -0.2591229975223541, 0.9028730392456055, 18.05746078491211], [0.9393212795257568, -0.09463141113519669, 0.3297278881072998, 6.594555854797363], [7.08474274802029e-08, 0.9611972570419312, 0.2758619785308838, 5.517241477966309], [0.0, 0.0, 0.0, 1.0]], [[-0.38155633211135864, 0.2868657410144806, -0.8787052035331726, -17.5741024017334], [-0.9243456125259399, -0.11841411888599396, 0.36271658539772034, 7.254333972930908], [-1.4013637894549902e-07, 0.9506241083145142, 0.31034472584724426, 6.206896781921387], [0.0, 0.0, 0.0, 1.0]], [[0.9057342410087585, -0.14615383744239807, 0.3978498876094818, 7.956996917724609], [0.423846036195755, 0.312322199344635, -0.8501819372177124, -17.003639221191406], [3.4176768082261333e-09, 0.938666045665741, 0.3448276221752167, 6.896551609039307], [0.0, 0.0, 0.0, 1.0]], [[-0.9541640877723694, -0.11352153867483139, 0.27691829204559326, 5.538364887237549], [0.2992839515209198, -0.36192426085472107, 0.88285893201828, 17.65717887878418], [-5.510978340339534e-08, 0.9252695441246033, 0.3793103098869324, 7.586206912994385], [0.0, 0.0, 0.0, 1.0]], [[0.5014073848724365, 0.35801827907562256, -0.7876633405685425, -15.753263473510742], [-0.8652113080024719, 0.20747874677181244, -0.45646679401397705, -9.129338264465332], [-4.598222957952203e-08, 0.9103710651397705, 0.41379281878471375, 8.275861740112305], [0.0, 0.0, 0.0, 1.0]], [[0.21471939980983734, -0.43782004714012146, 0.8730459213256836, 17.46091651916504], [0.976675808429718, 0.09625353664159775, -0.1919366419315338, -3.838733673095703], [-4.456050461953964e-08, 0.8938953280448914, 0.44827574491500854, 8.965517044067383], [0.0, 0.0, 0.0, 1.0]], [[-0.818062424659729, 0.2776485085487366, -0.5036717057228088, -10.073431968688965], [-0.5751294493675232, -0.3949264585971832, 0.7164211273193359, 14.32841968536377], [-1.808535188274618e-08, 0.87575364112854, 0.4827583432197571, 9.655172348022461], [0.0, 0.0, 0.0, 1.0]], [[0.9917080998420715, 0.06647103279829025, -0.10998456180095673, -2.199690580368042], [-0.1285107135772705, 0.5129523277282715, -0.8487431406974792, -16.97486114501953], [6.417767650646056e-09, 0.8558396100997925, 0.5172412395477295, 10.344827651977539], [0.0, 0.0, 0.0, 1.0]], [[-0.6444470286369324, -0.42187511920928955, 0.6377377510070801, 12.754753112792969], [0.764648973941803, -0.3555569350719452, 0.5374860763549805, 10.749719619750977], [7.264213053304047e-08, 0.8340267539024353, 0.5517239570617676, 11.034482955932617], [0.0, 0.0, 0.0, 1.0]], [[-0.0413179025053978, 0.585706353187561, -0.8094695210456848, -16.189390182495117], [-0.999146044254303, -0.02422070875763893, 0.033474262803792953, 0.6694821715354919], [1.6334395525063883e-07, 0.8101613521575928, 0.5862069725990295, 11.724138259887695], [0.0, 0.0, 0.0, 1.0]], [[0.7053800225257874, -0.4399630129337311, 0.5557621717453003, 11.115243911743164], [0.7088293433189392, 0.43782204389572144, -0.5530576705932617, -11.061152458190918], [5.308805839376873e-09, 0.7840563654899597, 0.6206896305084229, 12.413793563842773], [0.0, 0.0, 0.0, 1.0]], [[-0.9989326000213623, 0.030263276770710945, -0.03489666432142258, -0.6979337334632874], [-0.04619137570261955, -0.6544730067253113, 0.7546730637550354, 15.093460083007812], [-4.624238769679323e-08, 0.7554794549942017, 0.6551723480224609, 13.103447914123535], [0.0, 0.0, 0.0, 1.0]], [[0.7677836418151855, 0.4418683648109436, -0.4639618396759033, -9.27923583984375], [-0.6407091617584229, 0.5295059680938721, -0.5559812784194946, -11.11962604522705], [7.358099907150972e-09, 0.7241379618644714, 0.6896551251411438, 13.793103218078613], [0.0, 0.0, 0.0, 1.0]], [[-0.13334709405899048, -0.7176709771156311, 0.6834961175918579, 13.669922828674316], [0.9910693764686584, -0.09656165540218353, 0.09196354448795319, 1.8392688035964966], [-4.8963737953044983e-08, 0.6896551847457886, 0.7241379618644714, 14.482758522033691], [0.0, 0.0, 0.0, 1.0]], [[-0.5711318850517273, 0.6227200627326965, -0.5348159670829773, -10.696318626403809], [-0.8208582997322083, -0.43327245116233826, 0.3721110224723816, 7.4422197341918945], [-3.463882336518509e-08, 0.6515325903892517, 0.7586206197738647, 15.17241382598877], [0.0, 0.0, 0.0, 1.0]], [[0.9756166934967041, -0.17407146096229553, 0.13368326425552368, 2.6736648082733154], [0.21948140859603882, 0.7737649083137512, -0.5942354202270508, -11.884708404541016], [2.7123840951048805e-09, 0.6090869903564453, 0.7931033968925476, 15.862069129943848], [0.0, 0.0, 0.0, 1.0]], [[-0.8676469326019287, -0.4114600121974945, 0.2790868282318115, 5.5817365646362305], [0.49718084931373596, -0.7180526852607727, 0.48704370856285095, 9.740875244140625], [1.8238678123339014e-08, 0.5613386034965515, 0.8275862336158752, 16.55172348022461], [0.0, 0.0, 0.0, 1.0]], [[0.3039349913597107, 0.8212867975234985, -0.4828161895275116, -9.656322479248047], [-0.9526928067207336, 0.26201292872428894, -0.15403145551681519, -3.08063006401062], [7.854143291297078e-08, 0.5067910552024841, 0.8620689511299133, 17.241378784179688], [0.0, 0.0, 0.0, 1.0]], [[0.4194225072860718, -0.8138816952705383, 0.402096152305603, 8.041922569274902], [0.9077911376953125, 0.3760339915752411, -0.18577858805656433, -3.7155723571777344], [-2.1881808365264988e-08, 0.44293904304504395, 0.8965517282485962, 17.931034088134766], [0.0, 0.0, 0.0, 1.0]], [[-0.9224732518196106, 0.3594360947608948, -0.14088566601276398, -2.8177146911621094], [-0.3860609829425812, -0.8588544130325317, 0.33663925528526306, 6.732785224914551], [1.4983807972157592e-08, 0.3649311661720276, 0.931034505367279, 18.620689392089844], [0.0, 0.0, 0.0, 1.0]], [[0.9409835338592529, 0.3267815113067627, -0.08811241388320923, -1.7622473239898682], [-0.3384523093700409, 0.9085358381271362, -0.24497486650943756, -4.899496555328369], [2.909225926828185e-08, 0.2603391706943512, 0.9655172228813171, 19.310344696044922], [0.0, 0.0, 0.0, 1.0]], [[1.0, 0.0, 0.0, 0.0], [0.0, 1.0, 0.0, 0.0], [0.0, 0.0, 1.0, 20.0], [0.0, 0.0, 0.0, 1.0]]]]}