[{"total_timesteps": 1, "total_cameras": 25, "t": 0, "w2c": [[-4.371138828673793e-08, 1.0, -2.117582368135751e-22, 8.74227794156468e-07], [4.371138828673793e-08, 1.910685465164705e-15, 1.0, -8.74227794156468e-07], [1.0, 4.371138828673793e-08, -4.371138828673793e-08, -20.0], [-0.0, -0.0, 0.0, 1.0]], "c2w": [[-4.371138828673793e-08, 4.371138828673793e-08, 1.0, 20.0], [1.0, 1.910685676922942e-15, 4.371138828673793e-08, 0.0], [0.0, 1.0, -4.371138828673793e-08, 0.0], [0.0, 0.0, 0.0, 1.0]], "id": 0, "img_name": "render_000_timestep_0", "width": 1000, "height": 1000, "position": [20.0, 0.0, 0.0], "fx": 1388.888888888889, "fy": 1388.888888888889}, {"total_timesteps": 1, "total_cameras": 25, "t": 0, "w2c": [[-0.6754903793334961, -0.7373688220977783, -9.685754776000977e-08, -1.9080100628343644e-06], [0.030723555013537407, -0.028145428746938705, 0.9991315603256226, -2.233488203273737e-06], [-0.7367284893989563, 0.6749037504196167, 0.041666559875011444, -20.0], [0.0, 0.0, -0.0, 1.0]], "c2w": [[-0.6754903793334961, 0.030723555013537407, -0.7367284893989563, -14.734570503234863], [-0.7373688220977783, -0.028145428746938705, 0.6749037504196167, 13.49807357788086], [-9.613813745090738e-08, 0.9991315603256226, 0.041666556149721146, 0.8333333134651184], [0.0, 0.0, 0.0, 1.0]], "id": 1, "img_name": "render_001_timestep_0", "width": 1000, "height": 1000, "position": [-14.734570503234863, 13.49807357788086, 0.8333333134651184], "fx": 1388.888888888889, "fy": 1388.888888888889}, {"total_timesteps": 1, "total_cameras": 25, "t": 0, "w2c": [[0.9961709976196289, 0.08742571622133255, -1.862645149230957e-09, -1.1926873355605494e-07], [-0.007285478990525007, 0.08301429450511932, 0.9965217709541321, 9.578392337061814e-07], [0.0871216282248497, -0.9927060604095459, 0.08333337306976318, -20.0], [-0.0, 0.0, -0.0, 1.0]], "c2w": [[0.9961710572242737, -0.00728547852486372, 0.0871216282248497, 1.742432713508606], [0.08742572367191315, 0.08301429450511932, -0.9927060604095459, -19.854122161865234], [-1.5195411595669839e-09, 0.9965217113494873, 0.08333337306976318, 1.6666666269302368], [0.0, 0.0, 0.0, 1.0]], "id": 2, "img_name": "render_002_timestep_0", "width": 1000, "height": 1000, "position": [1.742432713508606, -19.854122161865234, 1.6666666269302368], "fx": 1388.888888888889, "fy": 1388.888888888889}, {"total_timesteps": 1, "total_cameras": 25, "t": 0, "w2c": [[-0.7936007380485535, 0.6084389090538025, -5.21540641784668e-08, -9.51320828335156e-07], [-0.07605495303869247, -0.09920012205839157, 0.9921566843986511, 1.6209030491154408e-06], [0.6036667823791504, 0.787376344203949, 0.12500007450580597, -20.0], [-0.0, -0.0, -0.0, 1.0]], "c2w": [[-0.7936007380485535, -0.07605494558811188, 0.6036667227745056, 12.073334693908691], [0.6084389090538025, -0.09920011460781097, 0.7873762845993042, 15.747527122497559], [-5.3674881428378285e-08, 0.9921567440032959, 0.12500007450580597, 2.5], [0.0, 0.0, 0.0, 1.0]], "id": 3, "img_name": "render_003_timestep_0", "width": 1000, "height": 1000, "position": [12.073334693908691, 15.747527122497559, 2.5], "fx": 1388.888888888889, "fy": 1388.888888888889}, {"total_timesteps": 1, "total_cameras": 25, "t": 0, "w2c": [[0.1741820126771927, -0.9847134947776794, -2.421438694000244e-08, 1.2059658729413059e-06], [0.1641189455986023, 0.029030317440629005, 0.9860133528709412, 6.939399668226542e-07], [-0.9709405899047852, -0.17174576222896576, 0.16666671633720398, -20.000001907348633], [-0.0, 0.0, -0.0, 1.0]], "c2w": [[0.1741819977760315, 0.1641189604997635, -0.9709405899047852, -19.418811798095703], [-0.9847134947776794, 0.029030317440629005, -0.17174577713012695, -3.4349143505096436], [-2.3946478577840935e-08, 0.9860132932662964, 0.16666670143604279, 3.3333332538604736], [0.0, 0.0, 0.0, 1.0]], "id": 4, "img_name": "render_004_timestep_0", "width": 1000, "height": 1000, "position": [-19.418811798095703, -3.4349143505096436, 3.3333332538604736], "fx": 1388.888888888889, "fy": 1388.888888888889}, {"total_timesteps": 1, "total_cameras": 25, "t": 0, "w2c": [[0.5367280840873718, 0.8437552452087402, -3.725290298461914e-08, -1.9090997227522166e-08], [-0.17578227818012238, 0.1118183434009552, 0.9780579209327698, -1.188565533993824e-06], [0.8252415060997009, -0.524951159954071, 0.20833326876163483, -20.0], [-0.0, 0.0, -0.0, 1.0]], "c2w": [[0.5367280840873718, -0.17578227818012238, 0.8252415060997009, 16.50482940673828], [0.8437552452087402, 0.1118183508515358, -0.524951159954071, -10.499022483825684], [-3.899481271218974e-08, 0.9780579209327698, 0.20833326876163483, 4.166666507720947], [0.0, 0.0, 0.0, 1.0]], "id": 5, "img_name": "render_005_timestep_0", "width": 1000, "height": 1000, "position": [16.50482940673828, -10.499022483825684, 4.166666507720947], "fx": 1388.888888888889, "fy": 1388.888888888889}, {"total_timesteps": 1, "total_cameras": 25, "t": 0, "w2c": [[-0.9657151103019714, -0.2596043646335602, 9.685754776000977e-08, -0.0], [0.06490118056535721, -0.24142873287200928, 0.9682458639144897, 0.0], [-0.25136083364486694, 0.9350495934486389, 0.25, -20.000001907348633], [-0.0, 0.0, -0.0, 1.0]], "c2w": [[-0.9657150506973267, 0.06490118056535721, -0.25136080384254456, -5.027215957641602], [-0.2596043646335602, -0.24142874777317047, 0.9350495934486389, 18.700992584228516], [9.660718092163734e-08, 0.9682458639144897, 0.25, 5.0], [0.0, 0.0, 0.0, 1.0]], "id": 6, "img_name": "render_006_timestep_0", "width": 1000, "height": 1000, "position": [-5.027215957641602, 18.700992584228516, 5.0], "fx": 1388.888888888889, "fy": 1388.888888888889}, {"total_timesteps": 1, "total_cameras": 25, "t": 0, "w2c": [[0.8874484300613403, -0.4609070122241974, 2.9802322387695312e-08, 7.169177251853398e-09], [0.1344311535358429, 0.25883910059928894, 0.9565200805664062, -1.5991715827112785e-06], [-0.4408668279647827, -0.8488621711730957, 0.29166659712791443, -20.0], [-0.0, 0.0, -0.0, 1.0]], "c2w": [[0.8874484300613403, 0.1344311535358429, -0.4408668279647827, -8.817336082458496], [-0.4609070420265198, 0.25883907079696655, -0.8488622307777405, -16.977243423461914], [4.088268212854018e-08, 0.9565200209617615, 0.29166659712791443, 5.833333492279053], [0.0, 0.0, 0.0, 1.0]], "id": 7, "img_name": "render_007_timestep_0", "width": 1000, "height": 1000, "position": [-8.817336082458496, -16.977243423461914, 5.833333492279053], "fx": 1388.888888888889, "fy": 1388.888888888889}, {"total_timesteps": 1, "total_cameras": 25, "t": 0, "w2c": [[-0.3430386483669281, 0.9393213391304016, 9.685754776000977e-08, -9.737833579492872e-07], [-0.31310707330703735, -0.11434630304574966, 0.9428090453147888, 8.178687949111918e-08], [0.8856006264686584, 0.32341986894607544, 0.3333333134651184, -20.0], [-0.0, 0.0, -0.0, 1.0]], "c2w": [[-0.3430386185646057, -0.31310707330703735, 0.8856006264686584, 17.712011337280273], [0.9393212795257568, -0.11434630304574966, 0.3234198987483978, 6.468398571014404], [1.0547714168751554e-07, 0.9428090453147888, 0.3333333432674408, 6.666666507720947], [0.0, 0.0, 0.0, 1.0]], "id": 8, "img_name": "render_008_timestep_0", "width": 1000, "height": 1000, "position": [17.712011337280273, 6.468398571014404, 6.666666507720947], "fx": 1388.888888888889, "fy": 1388.888888888889}, {"total_timesteps": 1, "total_cameras": 25, "t": 0, "w2c": [[-0.3815563917160034, -0.9243454933166504, 6.70552182668871e-08, -1.5884636468399549e-06], [0.3466295599937439, -0.1430835723876953, 0.9270247220993042, -8.046426387409156e-07], [-0.8568911552429199, 0.3537122905254364, 0.3749999403953552, -19.999998092651367], [-0.0, 0.0, -0.0, 1.0]], "c2w": [[-0.3815564215183258, 0.3466295897960663, -0.8568912744522095, -17.13782501220703], [-0.9243455529212952, -0.1430836021900177, 0.3537123203277588, 7.074244976043701], [6.356425075182415e-08, 0.9270248413085938, 0.3749999701976776, 7.5], [0.0, 0.0, 0.0, 1.0]], "id": 9, "img_name": "render_009_timestep_0", "width": 1000, "height": 1000, "position": [-17.13782501220703, 7.074244976043701, 7.5], "fx": 1388.888888888889, "fy": 1388.888888888889}, {"total_timesteps": 1, "total_cameras": 25, "t": 0, "w2c": [[0.9057342410087585, 0.4238460659980774, -1.4901161193847656e-08, 1.5703496956120944e-06], [-0.17660249769687653, 0.37738925218582153, 0.9090592861175537, -3.0315828780658194e-07], [0.3853012025356293, -0.8233661651611328, 0.4166666865348816, -20.0], [-0.0, 0.0, -0.0, 1.0]], "c2w": [[0.9057342410087585, -0.17660251259803772, 0.38530123233795166, 7.706023216247559], [0.423846036195755, 0.3773892819881439, -0.8233661651611328, -16.467323303222656], [-1.4840455975217992e-08, 0.9090593457221985, 0.4166666567325592, 8.333333015441895], [0.0, 0.0, 0.0, 1.0]], "id": 10, "img_name": "render_010_timestep_0", "width": 1000, "height": 1000, "position": [7.706023216247559, -16.467323303222656, 8.333333015441895], "fx": 1388.888888888889, "fy": 1388.888888888889}, {"total_timesteps": 1, "total_cameras": 25, "t": 0, "w2c": [[-0.9541641473770142, 0.2992839515209198, -6.705522537231445e-08, -4.749683171212382e-07], [-0.13717184960842133, -0.437325119972229, 0.888780415058136, -2.033988039329415e-06], [0.26599767804145813, 0.848042368888855, 0.458333283662796, -20.0], [-0.0, -0.0, -0.0, 1.0]], "c2w": [[-0.9541640877723694, -0.13717184960842133, 0.26599767804145813, 5.319952487945557], [0.2992839515209198, -0.4373251497745514, 0.848042368888855, 16.960845947265625], [-6.247861250585629e-08, 0.888780415058136, 0.458333283662796, 9.166666984558105], [0.0, 0.0, 0.0, 1.0]], "id": 11, "img_name": "render_011_timestep_0", "width": 1000, "height": 1000, "position": [5.319952487945557, 16.960845947265625, 9.166666984558105], "fx": 1388.888888888889, "fy": 1388.888888888889}, {"total_timesteps": 1, "total_cameras": 25, "t": 0, "w2c": [[0.5014077425003052, -0.8652111887931824, -1.0430813546236095e-07, 3.4223933198518353e-06], [0.4326056241989136, 0.25070375204086304, 0.866025447845459, -5.43794158147648e-07], [-0.7492949366569519, -0.4342319071292877, 0.4999999701976776, -20.000001907348633], [-0.0, 0.0, -0.0, 1.0]], "c2w": [[0.5014076828956604, 0.4326055943965912, -0.7492948174476624, -14.9858980178833], [-0.8652111291885376, 0.25070375204086304, -0.43423184752464294, -8.6846342086792], [-1.1332208771364094e-07, 0.866025447845459, 0.4999999701976776, 10.0], [0.0, 0.0, 0.0, 1.0]], "id": 12, "img_name": "render_012_timestep_0", "width": 1000, "height": 1000, "position": [-14.9858980178833, -8.6846342086792, 10.0], "fx": 1388.888888888889, "fy": 1388.888888888889}, {"total_timesteps": 1, "total_cameras": 25, "t": 0, "w2c": [[0.2147195041179657, 0.9766757488250732, 3.725290298461914e-08, -1.9552692265278893e-06], [-0.5290327072143555, 0.116306371986866, 0.8405933976173401, 7.522547207372554e-07], [0.8209871053695679, -0.18049180507659912, 0.5416666865348816, -20.0], [-0.0, 0.0, -0.0, 1.0]], "c2w": [[0.2147195041179657, -0.5290327072143555, 0.8209871649742126, 16.41974449157715], [0.9766757488250732, 0.116306371986866, -0.18049181997776031, -3.609834671020508], [3.775636514546932e-08, 0.8405933380126953, 0.5416666865348816, 10.833333015441895], [0.0, 0.0, 0.0, 1.0]], "id": 13, "img_name": "render_013_timestep_0", "width": 1000, "height": 1000, "position": [16.41974449157715, -3.609834671020508, 10.833333015441895], "fx": 1388.888888888889, "fy": 1388.888888888889}, {"total_timesteps": 1, "total_cameras": 25, "t": 0, "w2c": [[-0.818062424659729, -0.5751294493675232, -2.9802322387695312e-08, 1.2048728876834502e-06], [0.3354921042919159, -0.47720304131507874, 0.8122329711914062, -2.2672202248941176e-06], [-0.4671390950679779, 0.6644572019577026, 0.5833332538604736, -20.0], [0.0, 0.0, -0.0, 1.0]], "c2w": [[-0.818062424659729, 0.3354921042919159, -0.4671390950679779, -9.342780113220215], [-0.5751294493675232, -0.47720301151275635, 0.6644572019577026, 13.289143562316895], [-3.4896011413820816e-08, 0.8122329115867615, 0.5833332538604736, 11.666666984558105], [0.0, 0.0, 0.0, 1.0]], "id": 14, "img_name": "render_014_timestep_0", "width": 1000, "height": 1000, "position": [-9.342780113220215, 13.289143562316895, 11.666666984558105], "fx": 1388.888888888889, "fy": 1388.888888888889}, {"total_timesteps": 1, "total_cameras": 25, "t": 0, "w2c": [[0.9917080998420715, -0.1285107135772705, 2.2351741790771484e-08, -7.472889933524129e-07], [0.08031916618347168, 0.6198173761367798, 0.7806248664855957, -4.866709787165746e-06], [-0.10031867772340775, -0.7741519808769226, 0.6249998211860657, -20.0], [-0.0, 0.0, -0.0, 1.0]], "c2w": [[0.9917080998420715, 0.08031916618347168, -0.10031867772340775, -2.0063724517822266], [-0.1285107284784317, 0.6198174357414246, -0.7741520404815674, -15.483037948608398], [1.702261798186555e-08, 0.7806248664855957, 0.6249998211860657, 12.5], [0.0, 0.0, 0.0, 1.0]], "id": 15, "img_name": "render_015_timestep_0", "width": 1000, "height": 1000, "position": [-2.0063724517822266, -15.483037948608398, 12.5], "fx": 1388.888888888889, "fy": 1388.888888888889}, {"total_timesteps": 1, "total_cameras": 25, "t": 0, "w2c": [[-0.6444470882415771, 0.7646489143371582, 1.4901161193847656e-08, 4.097284147519531e-07], [-0.5097659826278687, -0.4296313524246216, 0.7453559637069702, 7.292260875146894e-07], [0.56993567943573, 0.48034244775772095, 0.6666666865348816, -20.0], [-0.0, 0.0, -0.0, 1.0]], "c2w": [[-0.6444470286369324, -0.5097659826278687, 0.56993567943573, 11.398714065551758], [0.764648973941803, -0.42963138222694397, 0.48034244775772095, 9.60684871673584], [4.28322266543546e-09, 0.7453559637069702, 0.6666666865348816, 13.333333015441895], [0.0, 0.0, 0.0, 1.0]], "id": 16, "img_name": "render_016_timestep_0", "width": 1000, "height": 1000, "position": [11.398714065551758, 9.60684871673584, 13.333333015441895], "fx": 1388.888888888889, "fy": 1388.888888888889}, {"total_timesteps": 1, "total_cameras": 25, "t": 0, "w2c": [[-0.041317664086818695, -0.9991461038589478, 1.862645149230957e-09, 2.3381737719319062e-06], [0.7077285051345825, -0.029266679659485817, 0.7058780789375305, 6.895628956726796e-08], [-0.705275297164917, 0.029165232554078102, 0.7083333730697632, -20.0], [-0.0, 0.0, -0.0, 1.0]], "c2w": [[-0.041317664086818695, 0.7077285051345825, -0.705275297164917, -14.10550594329834], [-0.999146044254303, -0.029266677796840668, 0.029165232554078102, 0.5833069682121277], [6.158275001055813e-10, 0.7058780789375305, 0.7083333730697632, 14.166666984558105], [0.0, 0.0, 0.0, 1.0]], "id": 17, "img_name": "render_017_timestep_0", "width": 1000, "height": 1000, "position": [-14.10550594329834, 0.5833069682121277, 14.166666984558105], "fx": 1388.888888888889, "fy": 1388.888888888889}, {"total_timesteps": 1, "total_cameras": 25, "t": 0, "w2c": [[0.705379843711853, 0.7088294625282288, -4.470348358154297e-08, 1.3875868489776622e-06], [-0.531622052192688, 0.5290349125862122, 0.6614378690719604, -1.0139887081095367e-06], [0.4688466787338257, -0.46656495332717896, 0.75, -20.0], [-0.0, 0.0, -0.0, 1.0]], "c2w": [[0.7053799033164978, -0.531622052192688, 0.4688466787338257, 9.376932144165039], [0.7088294625282288, 0.5290349125862122, -0.46656495332717896, -9.331299781799316], [-3.8152816017600344e-08, 0.6614378690719604, 0.7499999403953552, 15.0], [0.0, 0.0, 0.0, 1.0]], "id": 18, "img_name": "render_018_timestep_0", "width": 1000, "height": 1000, "position": [9.376932144165039, -9.331299781799316, 15.0], "fx": 1388.888888888889, "fy": 1388.888888888889}, {"total_timesteps": 1, "total_cameras": 25, "t": 0, "w2c": [[-0.9989326000213623, -0.046191371977329254, -4.0978189730367376e-08, -2.569741184288432e-07], [0.03656814992427826, -0.7908216118812561, 0.610953152179718, 1.919078613354941e-06], [-0.028220796957612038, 0.6103010177612305, 0.7916666269302368, -19.999998092651367], [0.0, 0.0, -0.0, 1.0]], "c2w": [[-0.9989326000213623, 0.03656814992427826, -0.028220798820257187, -0.5644162893295288], [-0.04619137570261955, -0.7908217310905457, 0.6103010773658752, 12.206022262573242], [-3.960644079370468e-08, 0.6109532117843628, 0.7916667461395264, 15.833333015441895], [0.0, 0.0, 0.0, 1.0]], "id": 19, "img_name": "render_019_timestep_0", "width": 1000, "height": 1000, "position": [-0.5644162893295288, 12.206022262573242, 15.833333015441895], "fx": 1388.888888888889, "fy": 1388.888888888889}, {"total_timesteps": 1, "total_cameras": 25, "t": 0, "w2c": [[0.7677836418151855, -0.6407092213630676, 7.450580596923828e-08, -2.1031073629274033e-06], [0.5339242219924927, 0.6398196220397949, 0.5527709126472473, -2.1991916128172306e-06], [-0.3541654944419861, -0.4244084358215332, 0.8333333134651184, -20.0], [-0.0, 0.0, -0.0, 1.0]], "c2w": [[0.7677836418151855, 0.5339242815971375, -0.3541654646396637, -7.083306312561035], [-0.6407092213630676, 0.6398196816444397, -0.4244084060192108, -8.488167762756348], [7.404750590467302e-08, 0.5527709126472473, 0.8333332538604736, 16.66666603088379], [0.0, 0.0, 0.0, 1.0]], "id": 20, "img_name": "render_020_timestep_0", "width": 1000, "height": 1000, "position": [-7.083306312561035, -8.488167762756348, 16.66666603088379], "fx": 1388.888888888889, "fy": 1388.888888888889}, {"total_timesteps": 1, "total_cameras": 25, "t": 0, "w2c": [[-0.13334697484970093, 0.9910694360733032, -9.313225746154785e-08, 1.6235436532952008e-06], [-0.8671857714653015, -0.11667855829000473, 0.4841229021549225, 7.702993229941058e-07], [0.47979941964149475, 0.06455640494823456, 0.8750000596046448, -20.000001907348633], [-0.0, -0.0, -0.0, 1.0]], "c2w": [[-0.13334697484970093, -0.8671857714653015, 0.47979938983917236, 9.595988273620605], [0.9910694360733032, -0.11667855829000473, 0.06455640494823456, 1.2911266088485718], [-9.37769470965577e-08, 0.4841229021549225, 0.875, 17.5], [0.0, 0.0, 0.0, 1.0]], "id": 21, "img_name": "render_021_timestep_0", "width": 1000, "height": 1000, "position": [9.595988273620605, 1.2911266088485718, 17.5], "fx": 1388.888888888889, "fy": 1388.888888888889}, {"total_timesteps": 1, "total_cameras": 25, "t": 0, "w2c": [[-0.5711318850517273, -0.8208582997322083, -7.450580596923828e-08, 1.157806991614052e-06], [0.7524534463882446, -0.5235375761985779, 0.3996526002883911, 1.5325809954447323e-07], [-0.3280581831932068, 0.2282542884349823, 0.9166666269302368, -20.0], [0.0, 0.0, -0.0, 1.0]], "c2w": [[-0.5711318850517273, 0.7524534463882446, -0.3280582129955292, -6.561163902282715], [-0.8208582997322083, -0.5235375761985779, 0.2282542884349823, 4.565086841583252], [-7.371094312702553e-08, 0.3996526002883911, 0.9166666865348816, 18.33333396911621], [0.0, 0.0, 0.0, 1.0]], "id": 22, "img_name": "render_022_timestep_0", "width": 1000, "height": 1000, "position": [-6.561163902282715, 4.565086841583252, 18.33333396911621], "fx": 1388.888888888889, "fy": 1388.888888888889}, {"total_timesteps": 1, "total_cameras": 25, "t": 0, "w2c": [[0.9756166934967041, 0.21948137879371643, -2.9802322387695312e-08, 6.444905693570036e-07], [-0.21033631265163422, 0.934965968132019, 0.28565239906311035, -2.0963191218470456e-06], [0.06269540637731552, -0.2786872386932373, 0.9583332538604736, -20.000001907348633], [-0.0, 0.0, -0.0, 1.0]], "c2w": [[0.9756166934967041, -0.21033629775047302, 0.06269540637731552, 1.2539070844650269], [0.21948137879371643, 0.934965968132019, -0.2786872386932373, -5.573742389678955], [-2.672948440363143e-08, 0.28565239906311035, 0.9583333134651184, 19.16666603088379], [0.0, 0.0, 0.0, 1.0]], "id": 23, "img_name": "render_023_timestep_0", "width": 1000, "height": 1000, "position": [1.2539070844650269, -5.573742389678955, 19.16666603088379], "fx": 1388.888888888889, "fy": 1388.888888888889}, {"total_timesteps": 1, "total_cameras": 25, "t": 0, "w2c": [[1.0, -0.0, 0.0, -0.0], [-0.0, 1.0, -0.0, 0.0], [0.0, -0.0, 1.0, -20.0], [-0.0, 0.0, -0.0, 1.0]], "c2w": [[1.0, 0.0, 0.0, 0.0], [0.0, 1.0, 0.0, 0.0], [0.0, 0.0, 1.0, 20.0], [0.0, 0.0, 0.0, 1.0]], "id": 24, "img_name": "render_024_timestep_0", "width": 1000, "height": 1000, "position": [0.0, 0.0, 20.0], "fx": 1388.888888888889, "fy": 1388.888888888889}]